 10 
 100 475 
 1 35 -19 
 1 44 -22 
 1 47 27 
 1 49 -66 
 1 58 -69 
 1 64 63 
 1 72 -89 
 1 73 -19 
 1 74 -69 
 1 76 -12 
 1 84 40 
 1 98 33 
 2 2 52 
 2 4 -20 
 2 20 5 
 2 24 2 
 2 45 -2 
 2 51 66 
 2 52 -66 
 2 53 41 
 2 62 -88 
 2 71 -2 
 2 76 -53 
 2 79 72 
 2 90 -64 
 3 13 -11 
 3 45 51 
 3 56 68 
 3 63 37 
 3 75 -40 
 3 86 57 
 3 87 70 
 3 96 51 
 4 12 -84 
 4 29 -44 
 4 30 -57 
 4 38 14 
 4 60 90 
 4 63 26 
 4 67 -94 
 4 88 52 
 4 99 -75 
 5 21 37 
 5 26 25 
 5 33 84 
 5 42 -57 
 5 46 72 
 5 53 100 
 5 55 42 
 5 67 5 
 5 75 -28 
 5 77 52 
 5 91 -50 
 5 93 -6 
 6 7 51 
 6 18 -18 
 6 26 70 
 6 39 -37 
 6 40 -50 
 6 44 -80 
 6 58 4 
 6 60 -3 
 6 65 -28 
 6 68 91 
 6 98 17 
 7 35 -90 
 7 36 -13 
 7 44 90 
 7 51 -43 
 7 61 89 
 7 82 10 
 7 85 -41 
 7 92 38 
 7 94 -84 
 7 95 23 
 8 21 8 
 8 42 -34 
 8 72 -64 
 8 75 5 
 8 88 -77 
 8 89 2 
 8 93 43 
 9 10 -14 
 9 15 -79 
 9 53 32 
 9 55 -16 
 9 58 -34 
 9 63 -76 
 9 73 -60 
 9 76 -57 
 9 85 -28 
 9 90 81 
 9 93 34 
 9 100 -39 
 10 19 87 
 10 29 59 
 10 48 -92 
 10 64 -34 
 10 71 20 
 10 87 40 
 10 88 -21 
 10 92 94 
 10 99 -7 
 11 29 -85 
 11 30 -18 
 11 38 79 
 11 56 100 
 11 60 -31 
 11 74 -72 
 11 89 -38 
 11 97 92 
 12 14 31 
 12 15 64 
 12 16 -35 
 12 45 16 
 12 53 7 
 12 60 -98 
 12 61 -79 
 12 63 -55 
 12 68 -21 
 12 76 83 
 12 94 15 
 12 100 -22 
 13 16 -6 
 13 41 18 
 13 44 15 
 13 50 -54 
 13 55 17 
 13 63 -10 
 13 73 -99 
 13 74 -56 
 13 79 78 
 13 88 -85 
 14 14 -33 
 14 16 90 
 14 20 -62 
 14 21 46 
 14 38 -18 
 14 43 86 
 14 65 -44 
 14 87 76 
 15 15 22 
 15 22 45 
 15 26 -48 
 15 46 5 
 15 47 -93 
 15 50 43 
 15 55 37 
 15 67 67 
 15 76 -83 
 15 93 -24 
 16 24 69 
 16 56 -8 
 16 65 57 
 16 91 -56 
 16 99 -99 
 17 21 -92 
 17 26 87 
 17 34 -19 
 17 38 -44 
 17 78 77 
 17 92 -56 
 18 27 -23 
 18 28 -14 
 18 33 99 
 18 35 1 
 18 59 -76 
 18 62 85 
 18 95 -40 
 18 97 31 
 19 44 -30 
 19 57 69 
 19 60 9 
 20 20 -98 
 20 34 45 
 20 45 -80 
 20 49 41 
 20 50 22 
 20 59 25 
 20 67 26 
 20 72 29 
 20 87 -56 
 20 90 32 
 20 94 -39 
 21 25 71 
 21 28 37 
 21 73 25 
 21 88 -5 
 21 92 -23 
 21 100 45 
 22 35 -39 
 22 44 -71 
 22 60 90 
 22 64 87 
 22 68 20 
 22 81 -86 
 22 100 20 
 23 35 6 
 23 62 18 
 23 97 -96 
 24 37 -64 
 24 42 -79 
 24 52 -42 
 24 61 -43 
 24 63 -27 
 24 69 -56 
 24 70 2 
 24 73 -89 
 25 26 70 
 25 29 15 
 25 32 6 
 25 33 78 
 25 50 -81 
 25 56 -29 
 25 62 76 
 25 75 -34 
 25 84 26 
 25 90 -89 
 25 96 -2 
 26 29 95 
 26 30 47 
 26 36 81 
 26 41 -75 
 26 60 31 
 26 61 47 
 26 62 -1 
 26 89 28 
 27 29 -24 
 27 45 -13 
 27 62 91 
 27 73 -91 
 27 85 -12 
 27 99 72 
 28 28 -47 
 28 38 45 
 28 41 75 
 28 48 -64 
 28 59 -1 
 28 64 29 
 28 74 73 
 28 97 62 
 29 57 -4 
 29 66 -4 
 29 75 70 
 29 86 -91 
 29 89 -9 
 29 94 66 
 30 37 -99 
 30 67 -87 
 30 74 84 
 30 75 27 
 30 76 -9 
 30 84 -22 
 30 100 84 
 31 32 47 
 31 48 97 
 31 52 -77 
 31 78 -65 
 32 36 20 
 32 48 70 
 32 58 9 
 32 61 -48 
 32 64 -21 
 32 69 17 
 32 77 -69 
 32 79 70 
 32 90 4 
 32 95 -26 
 32 96 2 
 33 37 3 
 33 45 2 
 33 51 -62 
 33 52 -44 
 33 55 -6 
 33 73 -79 
 33 76 14 
 33 82 51 
 33 86 -75 
 33 89 -96 
 33 96 -8 
 34 69 9 
 34 92 -92 
 35 37 47 
 35 41 27 
 35 58 -75 
 35 64 -86 
 35 76 4 
 35 80 -32 
 36 76 73 
 37 38 -86 
 37 43 -20 
 37 66 48 
 37 67 -97 
 37 69 -84 
 38 38 -32 
 38 42 5 
 38 46 30 
 38 54 18 
 38 60 -93 
 38 80 -92 
 38 89 -59 
 39 50 -3 
 39 74 -80 
 39 75 75 
 39 84 17 
 39 95 -71 
 39 98 -31 
 40 89 -23 
 40 99 82 
 41 46 -6 
 41 47 -17 
 41 55 -82 
 41 61 43 
 41 64 18 
 41 82 -42 
 41 84 -98 
 41 85 82 
 41 97 -56 
 41 98 50 
 42 60 -36 
 42 65 -74 
 42 87 -70 
 42 91 65 
 43 57 -40 
 43 62 -94 
 43 71 95 
 43 81 -78 
 43 91 -82 
 43 98 -85 
 44 49 -2 
 44 51 43 
 44 53 23 
 44 61 24 
 44 74 10 
 44 86 -52 
 44 91 19 
 44 99 19 
 45 54 84 
 45 61 -27 
 45 81 60 
 46 50 -95 
 46 70 1 
 46 80 -88 
 46 89 87 
 47 47 -55 
 47 71 60 
 47 82 -25 
 47 93 -54 
 48 53 58 
 48 61 -31 
 48 68 20 
 48 74 -88 
 49 71 74 
 49 73 -51 
 49 90 -26 
 50 53 69 
 50 60 -40 
 50 71 -1 
 50 74 -14 
 50 76 -29 
 50 95 -6 
 51 58 35 
 51 64 11 
 51 75 -39 
 51 81 96 
 51 83 -5 
 51 86 -21 
 51 97 -49 
 52 68 -69 
 52 79 -8 
 53 59 -39 
 53 73 91 
 53 87 -20 
 54 59 -1 
 54 74 33 
 54 89 49 
 55 57 24 
 55 62 92 
 55 87 35 
 55 92 35 
 56 59 80 
 56 60 36 
 56 66 1 
 56 73 14 
 56 86 65 
 56 87 -85 
 56 91 -70 
 56 93 75 
 57 78 17 
 57 96 -14 
 57 98 6 
 58 76 82 
 58 77 38 
 58 90 25 
 58 94 26 
 59 74 39 
 60 72 -72 
 60 73 -99 
 60 78 -57 
 60 85 78 
 60 92 -28 
 61 70 15 
 61 97 -84 
 62 91 86 
 63 67 -77 
 63 78 43 
 63 83 -12 
 63 94 -86 
 63 95 -81 
 64 68 -48 
 64 74 -51 
 64 81 -75 
 64 85 -53 
 65 81 2 
 65 88 -68 
 65 89 -3 
 65 90 -66 
 65 95 89 
 65 98 -90 
 66 70 -76 
 66 100 -97 
 67 67 -65 
 67 81 -50 
 67 97 2 
 67 99 -22 
 69 69 -91 
 69 76 -19 
 69 98 -22 
 69 100 -7 
 70 83 22 
 70 86 -10 
 70 99 -77 
 71 79 42 
 71 90 40 
 72 78 35 
 73 73 -86 
 73 74 -62 
 73 79 75 
 73 91 94 
 73 96 -95 
 74 90 25 
 74 91 25 
 75 86 -14 
 75 96 45 
 75 99 48 
 76 78 -25 
 76 87 -24 
 76 91 -31 
 76 98 -78 
 77 80 59 
 77 99 -72 
 78 78 45 
 78 83 -38 
 78 84 55 
 78 93 -53 
 80 84 40 
 80 86 -55 
 81 83 -78 
 81 86 -65 
 81 87 -16 
 81 88 30 
 83 92 -49 
 84 93 99 
 84 96 -60 
 86 91 78 
 89 96 -28 
 90 92 17 
 91 98 -43 
 92 93 70 
 92 99 98 
 94 95 81 
 94 99 -87 
 95 98 70 
 96 100 -10 
 99 100 -43 
 100 494 
 1 4 -90 
 1 16 -9 
 1 19 31 
 1 57 -24 
 1 73 -50 
 2 6 3 
 2 8 65 
 2 21 -84 
 2 26 12 
 2 38 62 
 2 43 -91 
 2 54 23 
 2 75 98 
 2 78 12 
 2 80 14 
 2 99 -48 
 3 14 -49 
 3 40 66 
 3 57 -18 
 3 73 -88 
 3 87 -77 
 3 96 44 
 4 10 -71 
 4 21 9 
 4 24 -36 
 4 25 -48 
 4 28 -67 
 4 49 -64 
 4 63 58 
 4 78 -12 
 4 82 35 
 4 96 83 
 5 13 -56 
 5 33 46 
 5 49 -82 
 5 57 -94 
 5 68 -32 
 5 75 15 
 5 85 30 
 5 93 14 
 5 100 -37 
 6 8 -72 
 6 11 -63 
 6 21 18 
 6 42 -82 
 6 45 28 
 6 48 85 
 6 49 97 
 6 52 10 
 6 68 -55 
 6 72 -8 
 6 74 -10 
 6 81 58 
 6 84 48 
 6 86 49 
 6 90 -67 
 6 96 -45 
 7 14 -75 
 7 20 36 
 7 25 -61 
 7 32 3 
 7 37 98 
 7 40 40 
 7 46 -29 
 7 59 -33 
 7 68 -36 
 8 8 16 
 8 27 -2 
 8 53 42 
 8 87 -63 
 8 90 86 
 8 95 10 
 8 96 86 
 8 100 -23 
 9 20 69 
 9 28 -67 
 9 29 -86 
 9 34 90 
 9 36 4 
 9 93 90 
 10 10 -7 
 10 28 12 
 10 36 90 
 10 44 10 
 10 69 77 
 10 75 -12 
 10 76 47 
 10 93 89 
 10 95 -84 
 11 17 34 
 11 23 67 
 11 55 86 
 11 62 -12 
 11 67 -78 
 11 77 9 
 11 79 -73 
 11 80 -91 
 11 97 16 
 12 22 27 
 12 28 -54 
 12 59 -39 
 12 73 -31 
 12 77 16 
 12 86 -68 
 12 94 -39 
 12 96 -29 
 12 100 2 
 13 24 -81 
 13 27 -9 
 13 51 -13 
 13 58 -29 
 13 62 83 
 13 70 -18 
 13 91 84 
 13 93 -59 
 13 100 89 
 14 15 -93 
 14 71 67 
 14 85 -81 
 14 88 45 
 15 25 54 
 15 44 74 
 15 53 -96 
 15 60 -71 
 15 75 4 
 15 83 -76 
 15 84 41 
 16 61 -73 
 16 82 99 
 16 92 -40 
 17 17 93 
 17 32 79 
 17 42 67 
 17 47 82 
 17 48 -87 
 17 62 50 
 17 64 17 
 17 77 -72 
 17 78 78 
 17 81 -26 
 17 83 -62 
 17 88 15 
 17 100 65 
 18 21 -89 
 18 36 -81 
 18 39 -48 
 18 61 17 
 18 62 79 
 18 65 79 
 18 90 71 
 18 92 -48 
 18 98 -15 
 19 24 50 
 19 29 30 
 19 33 -60 
 19 36 -59 
 19 38 -52 
 19 48 58 
 19 55 -62 
 19 63 84 
 19 64 92 
 19 77 94 
 19 79 -39 
 19 98 -70 
 20 22 100 
 20 32 -37 
 20 39 -55 
 20 45 69 
 20 57 82 
 20 62 -18 
 20 67 62 
 20 72 -85 
 20 77 26 
 20 82 -15 
 21 51 74 
 21 60 75 
 21 67 28 
 21 69 80 
 21 70 27 
 21 81 -22 
 21 92 75 
 21 95 -17 
 21 99 -71 
 22 28 61 
 22 37 73 
 22 38 92 
 22 39 75 
 22 53 30 
 22 67 -24 
 22 70 -95 
 22 95 5 
 22 98 -5 
 23 37 90 
 23 49 -4 
 23 53 -12 
 23 57 98 
 23 80 -63 
 23 83 1 
 23 91 -61 
 23 94 82 
 24 40 32 
 24 42 100 
 24 48 -20 
 24 64 63 
 24 77 -10 
 24 88 -97 
 24 93 43 
 25 46 -45 
 25 49 -42 
 25 52 35 
 25 60 -30 
 25 82 -3 
 26 50 8 
 26 52 13 
 26 55 14 
 26 68 -15 
 26 70 -19 
 26 77 29 
 26 86 -23 
 26 88 72 
 26 97 2 
 27 45 55 
 27 51 12 
 27 58 48 
 27 66 21 
 27 89 -84 
 28 29 -17 
 28 35 27 
 28 37 -57 
 28 39 7 
 28 51 21 
 28 69 84 
 28 71 56 
 28 82 -77 
 28 89 28 
 29 34 -66 
 29 36 81 
 29 48 -43 
 29 49 90 
 29 53 -58 
 29 57 -70 
 29 58 -81 
 29 94 62 
 29 95 5 
 30 49 85 
 30 51 100 
 30 52 -33 
 30 71 -63 
 30 88 -73 
 31 34 -49 
 31 38 -66 
 31 45 -92 
 31 54 -4 
 31 94 57 
 32 44 -65 
 32 49 -23 
 32 67 -97 
 32 73 88 
 32 76 37 
 32 79 -17 
 32 80 84 
 32 98 -5 
 32 100 6 
 33 40 16 
 33 44 -21 
 33 48 54 
 33 59 79 
 33 70 -17 
 33 71 -60 
 33 76 2 
 33 77 -25 
 33 88 97 
 33 95 -7 
 34 34 6 
 34 54 -95 
 34 56 98 
 34 59 13 
 34 81 30 
 34 91 -18 
 35 36 41 
 35 44 64 
 35 46 -2 
 35 56 -84 
 35 69 36 
 35 75 97 
 35 85 67 
 35 95 -71 
 36 36 -40 
 36 52 72 
 36 63 -41 
 36 71 -73 
 36 73 70 
 36 89 -98 
 37 46 27 
 37 55 22 
 37 68 -92 
 37 71 -73 
 37 76 97 
 37 83 -96 
 37 95 -17 
 37 99 64 
 38 38 58 
 38 41 10 
 38 45 -74 
 38 46 -11 
 38 72 -51 
 38 74 92 
 38 97 3 
 38 100 9 
 39 43 3 
 39 45 24 
 40 69 -88 
 40 87 -91 
 40 99 -75 
 41 41 16 
 41 45 -13 
 41 51 -32 
 41 65 66 
 41 70 47 
 41 78 -60 
 41 82 15 
 41 86 35 
 41 98 -98 
 42 45 43 
 42 46 23 
 42 58 -93 
 42 61 29 
 42 71 34 
 42 75 -86 
 42 84 18 
 42 88 -32 
 42 92 69 
 43 43 82 
 43 69 -96 
 44 56 91 
 44 58 33 
 44 83 43 
 45 46 2 
 45 55 47 
 45 56 72 
 45 65 85 
 45 91 -86 
 45 96 70 
 46 56 68 
 46 66 72 
 46 70 33 
 46 79 -56 
 46 88 17 
 47 49 6 
 47 55 -5 
 47 71 99 
 47 74 -40 
 47 76 -39 
 47 78 -51 
 47 96 53 
 48 51 24 
 48 60 58 
 48 92 86 
 49 55 88 
 49 62 -22 
 49 71 30 
 49 78 8 
 50 65 4 
 50 99 -83 
 51 53 -49 
 51 54 -54 
 51 55 -66 
 52 63 58 
 52 76 -79 
 52 77 -47 
 52 82 69 
 52 84 -11 
 53 55 -82 
 53 69 59 
 53 86 -61 
 53 96 59 
 53 97 -12 
 53 99 62 
 54 54 55 
 54 57 27 
 54 63 -15 
 54 69 92 
 54 93 -95 
 54 99 -24 
 55 56 10 
 55 60 20 
 55 74 58 
 55 87 -74 
 55 88 64 
 55 90 4 
 55 92 88 
 55 95 18 
 55 99 -29 
 55 100 -46 
 56 62 -68 
 56 94 35 
 57 77 53 
 58 69 -28 
 58 74 -5 
 58 90 -45 
 59 60 -44 
 59 74 21 
 59 75 -68 
 60 70 -69 
 60 79 -60 
 60 89 -16 
 60 100 -18 
 61 89 -56 
 61 98 -94 
 62 74 -43 
 62 84 -14 
 62 87 46 
 63 65 65 
 63 75 -81 
 63 78 -3 
 63 96 4 
 64 75 -11 
 64 90 -90 
 64 92 19 
 64 95 13 
 65 69 92 
 65 76 5 
 66 72 -26 
 66 74 -87 
 66 86 -21 
 66 97 97 
 67 73 -22 
 67 93 4 
 67 97 57 
 67 98 80 
 68 78 85 
 68 96 36 
 69 72 77 
 69 73 -4 
 69 77 30 
 69 82 -48 
 69 84 68 
 69 85 31 
 69 87 21 
 70 70 -68 
 70 74 -50 
 70 75 39 
 70 81 -62 
 70 86 -17 
 70 88 -5 
 70 94 26 
 71 74 59 
 71 80 -55 
 71 81 62 
 71 84 53 
 71 88 -9 
 71 97 -34 
 71 98 -69 
 72 73 -47 
 72 84 -46 
 72 95 -40 
 73 84 33 
 73 85 57 
 73 89 -54 
 73 96 15 
 74 81 17 
 74 90 95 
 74 93 78 
 74 97 56 
 75 75 -91 
 75 82 -82 
 76 79 -60 
 76 82 37 
 76 83 3 
 76 84 -49 
 76 92 -37 
 76 98 -33 
 77 86 -70 
 77 90 5 
 77 95 -45 
 77 100 -62 
 78 79 11 
 78 92 50 
 80 88 -87 
 80 94 -44 
 81 93 -1 
 81 96 70 
 83 87 56 
 85 94 -15 
 85 100 52 
 86 91 -41 
 86 95 -76 
 86 100 49 
 89 94 -38 
 90 94 50 
 90 99 -42 
 91 100 81 
 95 95 -25 
 96 99 36 
 100 505 
 1 1 47 
 1 9 3 
 1 17 85 
 1 20 90 
 1 22 -81 
 1 23 95 
 1 72 -26 
 1 92 36 
 1 93 88 
 2 2 1 
 2 8 63 
 2 13 13 
 2 18 -10 
 2 25 89 
 2 26 36 
 2 39 -91 
 2 50 -1 
 2 55 -77 
 2 60 -9 
 2 66 -38 
 2 97 -46 
 3 7 50 
 3 47 97 
 3 51 -17 
 3 53 30 
 3 57 25 
 3 70 77 
 3 72 -50 
 3 80 -36 
 3 87 -33 
 3 93 55 
 3 100 -62 
 4 11 -35 
 4 13 -12 
 4 25 -90 
 4 27 8 
 4 40 -9 
 4 46 19 
 4 50 9 
 4 55 93 
 4 66 96 
 4 76 -74 
 4 78 74 
 4 88 -52 
 4 91 -82 
 5 23 71 
 5 30 56 
 5 34 -22 
 5 38 -16 
 5 45 -76 
 5 95 74 
 5 97 -31 
 6 7 58 
 6 13 -13 
 6 18 65 
 6 34 -61 
 6 41 -17 
 6 49 11 
 6 52 -5 
 6 60 -98 
 6 66 59 
 6 83 -29 
 6 91 -33 
 7 39 81 
 7 48 3 
 7 52 100 
 7 75 -4 
 8 14 -14 
 8 54 84 
 8 58 73 
 9 22 26 
 9 40 12 
 9 41 -18 
 9 66 9 
 9 89 49 
 10 23 96 
 10 28 8 
 10 33 67 
 10 35 -77 
 10 38 -4 
 10 47 -23 
 10 68 15 
 10 69 -4 
 10 77 -32 
 10 80 46 
 11 33 88 
 11 42 -79 
 11 44 -64 
 11 82 42 
 12 12 -10 
 12 19 14 
 12 26 -7 
 12 31 -49 
 12 46 -91 
 12 68 26 
 12 83 -74 
 12 94 -33 
 12 97 55 
 12 98 -36 
 13 13 -81 
 13 18 6 
 13 27 -22 
 13 31 -37 
 13 41 44 
 13 48 25 
 13 92 -5 
 13 98 73 
 14 16 -98 
 14 19 98 
 14 27 -43 
 14 33 49 
 14 59 58 
 14 60 20 
 14 68 55 
 14 74 22 
 14 95 -89 
 14 97 -17 
 15 17 53 
 15 44 47 
 15 45 -89 
 15 51 46 
 15 62 -91 
 15 67 76 
 15 71 38 
 15 73 -64 
 15 78 94 
 15 97 83 
 15 98 -57 
 16 42 -34 
 16 55 76 
 16 56 41 
 16 61 29 
 16 70 -97 
 16 85 -91 
 16 91 99 
 17 21 87 
 17 24 -16 
 17 34 -32 
 17 37 91 
 17 45 -85 
 17 46 -19 
 17 53 -5 
 17 59 66 
 17 69 98 
 17 71 -51 
 17 78 -2 
 17 85 48 
 17 86 21 
 17 93 -74 
 17 94 -41 
 17 98 -50 
 18 18 68 
 18 23 57 
 18 30 49 
 18 56 99 
 18 58 33 
 18 59 81 
 18 68 -73 
 18 72 -86 
 19 23 29 
 19 26 15 
 19 38 -86 
 19 53 69 
 19 66 19 
 19 87 63 
 20 20 38 
 20 29 57 
 20 44 -34 
 20 60 70 
 20 78 43 
 20 91 -70 
 20 95 -87 
 20 98 70 
 21 34 5 
 21 38 97 
 21 51 59 
 21 79 -61 
 21 81 33 
 21 82 13 
 21 95 73 
 22 22 53 
 22 40 -56 
 22 44 45 
 22 45 71 
 22 51 -9 
 22 54 -69 
 22 57 -39 
 22 65 43 
 22 94 42 
 23 27 21 
 23 32 13 
 23 59 -94 
 23 64 -55 
 23 65 91 
 23 66 6 
 23 70 -4 
 23 90 55 
 24 25 -64 
 24 29 70 
 24 48 43 
 24 50 -60 
 24 62 -97 
 24 77 -40 
 24 83 -54 
 24 86 48 
 25 31 -55 
 25 32 -52 
 25 33 -62 
 25 34 86 
 25 37 -56 
 25 40 26 
 25 46 -72 
 25 47 -11 
 25 52 69 
 25 56 -34 
 25 58 77 
 25 68 -7 
 25 75 36 
 25 76 72 
 25 87 -95 
 25 89 -75 
 25 99 25 
 26 42 -34 
 26 55 -20 
 26 62 -8 
 26 63 -42 
 26 68 3 
 26 76 81 
 26 93 -33 
 26 95 5 
 27 34 16 
 27 41 -99 
 27 42 -2 
 27 56 -85 
 27 67 -58 
 27 84 51 
 28 37 34 
 28 45 -5 
 28 62 74 
 28 65 96 
 28 78 -9 
 28 88 -3 
 29 32 -38 
 29 43 -58 
 29 67 44 
 29 81 33 
 29 95 52 
 30 30 66 
 30 42 69 
 30 65 -80 
 30 67 -51 
 30 82 77 
 30 93 69 
 31 41 -22 
 31 43 -28 
 31 44 95 
 31 53 44 
 31 57 17 
 31 64 -35 
 31 68 67 
 31 80 -14 
 31 87 64 
 31 88 -89 
 31 90 -7 
 32 36 93 
 32 44 47 
 32 47 -53 
 32 49 90 
 32 80 -40 
 32 87 79 
 33 56 34 
 33 61 -56 
 33 68 90 
 33 77 -76 
 33 81 66 
 33 87 67 
 34 37 27 
 34 46 88 
 34 98 -15 
 35 68 59 
 35 69 48 
 35 96 18 
 35 99 72 
 36 47 -99 
 36 54 33 
 36 56 14 
 36 88 32 
 36 94 -79 
 37 40 -51 
 37 42 15 
 37 49 69 
 37 61 -8 
 37 64 -37 
 37 79 93 
 37 83 61 
 37 85 -2 
 37 89 71 
 37 97 -20 
 37 99 88 
 38 56 75 
 38 66 -4 
 38 68 -62 
 38 70 -24 
 38 80 -20 
 39 49 65 
 39 52 -77 
 39 63 -54 
 39 65 -70 
 39 66 -99 
 39 81 -96 
 39 91 12 
 39 99 -64 
 40 58 78 
 40 62 36 
 40 100 87 
 41 54 58 
 41 55 45 
 41 56 -87 
 41 63 -51 
 41 67 39 
 41 68 35 
 41 70 86 
 41 85 -78 
 41 89 74 
 41 97 66 
 41 99 77 
 41 100 47 
 42 50 53 
 42 53 67 
 42 78 6 
 42 81 5 
 42 91 51 
 42 98 76 
 43 46 -42 
 43 50 61 
 43 52 54 
 43 60 -28 
 43 67 -83 
 43 71 33 
 43 87 15 
 43 99 25 
 44 45 -41 
 44 66 59 
 44 70 50 
 44 89 -5 
 45 45 -56 
 45 60 70 
 45 71 93 
 45 77 62 
 45 78 -30 
 45 83 43 
 45 94 54 
 45 98 60 
 46 50 1 
 46 63 -11 
 46 79 -46 
 46 83 -72 
 46 91 -3 
 46 96 -70 
 47 54 -74 
 47 72 -60 
 47 77 13 
 47 100 -94 
 48 54 -7 
 48 58 -86 
 48 89 -72 
 48 91 -37 
 49 51 -24 
 49 52 46 
 49 60 44 
 49 62 -68 
 49 66 -14 
 49 69 -65 
 49 98 28 
 49 99 63 
 50 65 94 
 50 73 7 
 50 74 -28 
 50 84 -45 
 50 89 22 
 50 95 63 
 51 58 -32 
 51 61 53 
 51 72 89 
 51 85 79 
 51 97 57 
 52 57 -76 
 52 61 84 
 52 66 -52 
 52 73 -48 
 52 97 -20 
 53 67 13 
 53 71 6 
 53 75 -26 
 53 87 -9 
 54 54 -72 
 54 55 66 
 54 59 54 
 54 63 -21 
 54 76 -60 
 54 85 -83 
 54 93 51 
 55 58 -52 
 55 60 -26 
 55 68 -7 
 55 72 -37 
 55 100 16 
 56 61 -31 
 56 69 32 
 56 71 -34 
 56 98 9 
 57 58 -23 
 57 62 62 
 57 63 -85 
 57 65 -60 
 57 71 -9 
 57 74 -7 
 57 85 -74 
 57 88 44 
 57 91 -80 
 58 58 21 
 58 59 61 
 58 62 -32 
 58 66 -76 
 58 73 47 
 58 79 -28 
 59 96 30 
 60 72 60 
 60 76 87 
 60 78 26 
 60 94 -46 
 60 95 33 
 60 100 89 
 61 62 70 
 61 69 80 
 61 70 12 
 61 78 -25 
 61 85 95 
 61 98 -73 
 61 99 22 
 62 72 -90 
 62 82 -17 
 63 64 21 
 63 96 84 
 64 68 -66 
 64 76 66 
 64 83 -9 
 64 92 87 
 65 65 9 
 65 66 -60 
 65 68 -84 
 65 69 81 
 65 73 -15 
 66 74 -16 
 66 97 -99 
 66 99 -89 
 68 69 -12 
 69 75 -61 
 70 70 100 
 70 73 26 
 70 81 60 
 71 76 -24 
 71 82 48 
 71 89 -17 
 71 91 94 
 71 98 98 
 72 73 14 
 72 83 73 
 73 87 61 
 73 89 -70 
 73 99 -17 
 74 95 -7 
 75 79 28 
 75 81 -63 
 75 84 21 
 76 84 40 
 76 85 49 
 76 88 55 
 76 96 -32 
 77 79 33 
 77 83 95 
 78 93 28 
 78 97 -70 
 79 80 -9 
 79 86 80 
 79 98 -50 
 80 86 96 
 80 87 -34 
 80 89 12 
 80 96 -3 
 82 98 71 
 82 99 -36 
 84 84 -47 
 84 100 -95 
 85 86 -16 
 85 91 17 
 85 95 40 
 86 93 3 
 87 100 61 
 89 97 -24 
 92 94 31 
 92 98 -70 
 93 96 -12 
 93 100 -77 
 98 98 36 
 100 487 
 1 11 99 
 1 15 -55 
 1 16 -90 
 1 21 -24 
 1 23 -41 
 1 47 31 
 1 49 63 
 1 50 84 
 1 53 -89 
 1 66 -10 
 1 67 52 
 1 80 81 
 1 87 -83 
 1 94 -83 
 2 28 -75 
 2 30 -26 
 2 35 -28 
 2 40 -21 
 2 52 -82 
 2 72 4 
 2 83 -5 
 2 84 83 
 2 89 69 
 2 92 62 
 2 100 95 
 3 3 -72 
 3 7 69 
 3 15 43 
 3 17 61 
 3 18 -23 
 3 31 -85 
 3 38 -17 
 3 47 95 
 3 57 -87 
 3 59 80 
 3 65 -29 
 3 68 -30 
 3 85 92 
 3 99 44 
 4 4 22 
 4 12 84 
 4 15 24 
 4 24 53 
 4 28 -6 
 4 39 -1 
 4 60 3 
 4 65 -3 
 4 74 -8 
 5 7 -69 
 5 16 62 
 5 19 -74 
 5 23 -96 
 5 31 -14 
 5 37 -2 
 5 52 58 
 5 53 -86 
 5 61 -34 
 5 64 -32 
 5 67 9 
 5 74 69 
 5 87 -93 
 5 90 78 
 5 100 -6 
 6 29 -50 
 6 42 -89 
 6 53 64 
 7 11 90 
 7 26 30 
 7 49 -20 
 7 60 80 
 7 66 -78 
 7 68 -43 
 8 19 -35 
 8 52 75 
 8 58 99 
 8 61 -6 
 9 10 2 
 9 29 -9 
 9 44 -37 
 9 50 -98 
 9 72 94 
 9 76 94 
 9 77 -52 
 9 86 61 
 9 94 -12 
 10 11 -83 
 10 28 62 
 10 47 -91 
 10 69 27 
 10 70 -23 
 10 72 -52 
 10 89 -93 
 11 18 -43 
 11 38 -59 
 11 40 -9 
 11 42 46 
 11 48 40 
 11 53 77 
 11 55 -30 
 11 56 72 
 11 61 42 
 11 62 -91 
 11 78 45 
 11 100 -30 
 12 17 -76 
 12 19 42 
 12 25 43 
 12 46 59 
 12 61 -9 
 12 63 -29 
 12 65 -85 
 12 73 36 
 12 78 -69 
 12 93 12 
 12 99 -70 
 13 32 -33 
 13 38 -74 
 13 42 21 
 13 53 65 
 13 65 66 
 13 67 44 
 13 69 -90 
 13 80 91 
 14 25 65 
 14 37 -18 
 14 41 45 
 14 47 -35 
 14 53 22 
 14 56 79 
 14 57 -83 
 14 59 29 
 14 61 -5 
 14 63 97 
 14 91 39 
 15 21 80 
 15 22 95 
 15 35 -24 
 15 52 -24 
 15 62 72 
 15 77 -82 
 15 88 -26 
 16 23 37 
 16 26 -11 
 16 35 37 
 16 78 -46 
 16 79 29 
 16 87 32 
 16 90 51 
 16 94 10 
 17 17 95 
 17 42 26 
 17 47 -6 
 17 68 -80 
 18 19 -99 
 18 24 -48 
 18 42 -48 
 18 43 53 
 18 63 -87 
 18 86 -59 
 18 88 -35 
 18 89 65 
 19 21 -42 
 19 27 -78 
 19 36 19 
 19 37 65 
 19 56 64 
 19 58 76 
 19 72 21 
 19 90 -5 
 20 20 -86 
 20 21 -13 
 20 48 87 
 20 49 87 
 20 51 34 
 20 55 -49 
 20 62 85 
 20 82 8 
 20 86 -96 
 20 88 -21 
 20 91 42 
 20 94 -90 
 20 96 96 
 21 32 38 
 21 41 4 
 21 53 23 
 21 62 -90 
 21 92 15 
 22 31 -26 
 22 37 70 
 22 48 30 
 22 60 20 
 22 64 25 
 22 71 -35 
 22 76 32 
 22 79 -55 
 22 82 13 
 23 47 52 
 23 58 -72 
 23 62 29 
 23 72 -63 
 23 78 -68 
 23 86 -33 
 24 41 69 
 24 70 -66 
 24 78 -54 
 24 89 -75 
 24 91 9 
 25 38 -55 
 25 58 37 
 25 75 -51 
 25 85 -76 
 25 90 -59 
 25 97 63 
 26 38 45 
 26 52 9 
 26 54 52 
 26 56 -83 
 27 40 45 
 27 45 -67 
 27 61 -92 
 27 75 -8 
 27 77 76 
 27 83 72 
 27 86 47 
 27 88 4 
 28 33 24 
 28 39 83 
 28 41 83 
 28 63 11 
 28 71 -14 
 28 75 -88 
 28 82 -79 
 28 98 -96 
 29 29 3 
 29 54 -52 
 29 72 -13 
 29 76 -42 
 29 89 -59 
 29 90 -60 
 29 95 -73 
 29 96 40 
 30 40 94 
 30 42 55 
 30 45 -81 
 30 48 -52 
 30 49 -21 
 30 54 -9 
 30 57 58 
 30 74 -49 
 30 90 -61 
 30 96 40 
 31 35 -50 
 31 42 -27 
 31 48 -27 
 31 55 -62 
 31 77 89 
 31 89 -2 
 32 32 -7 
 32 55 84 
 32 81 92 
 32 100 53 
 33 52 -43 
 33 54 -45 
 33 61 -72 
 33 70 80 
 33 72 62 
 33 78 68 
 33 81 93 
 33 82 14 
 33 89 -37 
 33 97 62 
 34 36 -16 
 34 52 -58 
 34 65 -7 
 34 67 37 
 35 73 7 
 35 76 28 
 35 77 -49 
 35 85 70 
 35 90 -84 
 36 50 49 
 36 57 37 
 36 73 -96 
 36 75 -92 
 37 40 25 
 37 55 -91 
 37 64 53 
 37 81 -56 
 37 82 70 
 37 88 86 
 38 39 17 
 38 51 66 
 38 52 20 
 38 69 -84 
 38 72 -90 
 38 80 -27 
 38 84 -2 
 38 91 24 
 38 93 -45 
 38 96 -37 
 38 98 71 
 39 47 -89 
 39 53 7 
 39 70 2 
 39 75 -7 
 39 77 -57 
 39 79 24 
 39 86 78 
 40 44 -66 
 40 49 40 
 40 57 82 
 40 64 -35 
 40 71 -23 
 40 79 13 
 41 43 6 
 41 57 -92 
 41 66 -59 
 41 97 -62 
 41 100 -53 
 42 49 -25 
 42 58 11 
 42 60 -44 
 42 80 39 
 42 97 96 
 43 49 35 
 43 69 -42 
 43 83 70 
 43 86 18 
 43 92 -64 
 43 98 -56 
 44 46 -97 
 44 56 5 
 44 57 -78 
 44 71 -34 
 44 87 -42 
 45 49 3 
 45 56 -69 
 45 80 100 
 45 94 79 
 46 63 -9 
 46 79 17 
 47 63 -17 
 47 79 7 
 47 81 42 
 48 48 89 
 48 53 67 
 48 68 -46 
 48 81 42 
 49 50 -33 
 49 56 84 
 49 61 -52 
 49 66 59 
 49 86 -3 
 49 91 -86 
 50 50 90 
 50 51 7 
 50 60 47 
 50 75 40 
 50 88 99 
 50 93 -74 
 50 95 -67 
 51 51 87 
 51 52 -17 
 51 53 61 
 51 60 87 
 51 80 76 
 51 82 25 
 51 92 89 
 52 60 93 
 52 69 97 
 52 70 54 
 52 81 14 
 53 53 -76 
 53 67 -99 
 53 83 29 
 53 86 71 
 53 91 -50 
 54 58 43 
 54 63 -3 
 54 68 34 
 54 87 -85 
 55 61 69 
 55 63 -28 
 55 66 41 
 55 93 -84 
 56 65 68 
 56 66 -39 
 56 69 -76 
 56 73 -12 
 56 90 -36 
 56 93 48 
 57 57 9 
 57 60 77 
 57 64 27 
 57 65 83 
 57 90 -60 
 57 99 -88 
 58 60 -59 
 58 87 9 
 58 93 -58 
 58 97 69 
 59 85 -58 
 60 62 -69 
 60 67 -35 
 60 94 94 
 60 99 45 
 61 72 -21 
 61 74 14 
 61 77 16 
 61 78 87 
 61 89 34 
 61 91 -38 
 61 94 -45 
 63 80 -41 
 63 81 -80 
 63 83 -83 
 64 73 -68 
 64 76 -64 
 64 77 48 
 64 100 97 
 65 82 -56 
 65 83 81 
 65 94 99 
 65 96 -15 
 66 72 -78 
 66 84 -84 
 66 97 -65 
 66 98 -15 
 67 75 49 
 67 84 -73 
 68 82 21 
 69 72 2 
 69 82 -98 
 69 99 -22 
 69 100 23 
 70 70 83 
 70 73 40 
 70 75 27 
 70 84 -35 
 71 85 -20 
 71 88 54 
 72 81 41 
 72 84 -17 
 72 92 -53 
 73 75 -92 
 73 77 33 
 73 89 68 
 73 91 85 
 73 94 -58 
 73 97 -63 
 75 81 -84 
 76 92 -5 
 77 84 -96 
 77 85 -57 
 77 94 -71 
 77 96 -46 
 79 80 17 
 79 99 7 
 80 81 44 
 80 91 -51 
 80 96 62 
 82 88 -5 
 82 91 18 
 82 93 97 
 82 97 -43 
 83 95 83 
 84 87 -70 
 84 93 70 
 85 87 46 
 85 88 -43 
 85 89 14 
 85 94 -23 
 86 94 90 
 86 95 -59 
 86 96 -92 
 87 95 24 
 89 90 -67 
 89 99 3 
 91 99 55 
 92 99 -25 
 93 97 4 
 93 98 -44 
 94 95 86 
 95 98 48 
 96 97 -20 
 96 99 17 
 97 99 31 
 100 471 
 1 19 2 
 1 21 -26 
 1 25 71 
 1 26 -20 
 1 34 -85 
 1 36 -8 
 1 39 27 
 1 46 24 
 1 49 -41 
 1 84 -9 
 1 87 -53 
 1 89 56 
 1 90 -67 
 2 2 -39 
 2 27 -59 
 2 30 23 
 2 34 5 
 2 52 -61 
 2 68 25 
 2 73 63 
 2 74 -18 
 2 84 -65 
 2 91 48 
 3 4 97 
 3 5 -90 
 3 12 5 
 3 25 -92 
 3 26 4 
 3 27 -30 
 3 39 40 
 3 65 -83 
 3 66 -29 
 3 69 59 
 3 88 -88 
 4 27 -83 
 4 35 -12 
 4 37 37 
 4 44 -62 
 4 48 27 
 4 49 -35 
 4 61 -55 
 4 66 63 
 4 68 85 
 4 71 -97 
 4 82 53 
 4 84 33 
 4 88 18 
 5 8 62 
 5 10 8 
 5 40 -60 
 5 41 86 
 5 44 -36 
 5 54 -7 
 5 81 44 
 5 84 -43 
 5 88 69 
 5 91 -53 
 5 92 -11 
 6 9 -88 
 6 10 56 
 6 48 -36 
 6 50 68 
 6 68 -21 
 6 90 24 
 6 98 -99 
 6 100 33 
 7 7 6 
 7 8 -20 
 7 13 29 
 7 26 -1 
 7 52 12 
 7 75 23 
 7 80 10 
 7 86 -17 
 7 87 -79 
 7 88 -54 
 7 91 -87 
 8 8 -87 
 8 14 -97 
 8 23 -89 
 8 34 -67 
 8 42 44 
 8 60 49 
 8 75 -99 
 8 92 54 
 8 100 -9 
 9 10 88 
 9 22 -2 
 9 55 -9 
 9 73 -44 
 9 82 -53 
 10 26 -43 
 10 27 -67 
 10 39 -5 
 10 51 -36 
 10 54 24 
 10 60 -28 
 10 69 -74 
 10 88 52 
 10 95 -12 
 11 19 32 
 11 29 -84 
 11 38 -95 
 11 40 44 
 11 44 -83 
 11 48 -83 
 11 76 4 
 11 77 -30 
 11 84 44 
 11 88 11 
 11 97 -49 
 12 12 100 
 12 26 -68 
 12 32 -62 
 12 33 -46 
 12 52 59 
 12 56 -56 
 12 64 -51 
 12 67 59 
 12 72 54 
 12 85 75 
 13 16 9 
 13 17 -44 
 13 20 72 
 13 28 -94 
 13 29 -80 
 13 44 -83 
 13 47 -62 
 13 55 49 
 13 56 59 
 13 57 51 
 13 79 -28 
 13 91 -24 
 14 27 -64 
 14 33 66 
 14 45 -8 
 14 54 33 
 14 63 -36 
 14 64 -72 
 14 73 -89 
 14 86 -87 
 14 87 -71 
 14 93 -65 
 15 34 85 
 15 39 -32 
 15 45 -59 
 15 54 100 
 15 57 -39 
 15 69 10 
 15 90 9 
 16 19 51 
 16 25 54 
 16 27 31 
 16 63 -59 
 16 70 99 
 16 72 32 
 16 73 -72 
 16 74 97 
 16 88 51 
 16 91 -96 
 16 100 9 
 17 22 -17 
 17 27 41 
 17 28 7 
 17 59 14 
 17 60 -26 
 17 62 -50 
 17 72 62 
 17 73 37 
 17 74 -20 
 17 77 76 
 18 19 30 
 18 21 26 
 18 26 44 
 18 32 -26 
 18 35 43 
 18 58 75 
 18 79 -85 
 18 85 69 
 18 96 29 
 19 21 -37 
 19 46 -95 
 19 47 61 
 19 64 37 
 19 88 19 
 19 90 -17 
 19 96 -41 
 20 26 98 
 20 47 52 
 20 49 -9 
 20 67 24 
 20 96 -66 
 21 46 60 
 21 47 86 
 21 49 -14 
 21 55 65 
 21 69 -97 
 21 71 -31 
 21 78 51 
 21 91 97 
 22 30 -91 
 22 37 35 
 22 42 17 
 22 65 -12 
 22 74 70 
 22 93 84 
 23 45 -6 
 23 47 -70 
 23 70 -82 
 23 83 83 
 23 89 -42 
 23 90 -51 
 24 30 -68 
 24 44 -24 
 24 79 -35 
 24 88 26 
 24 98 -91 
 25 46 92 
 25 50 81 
 25 59 -79 
 25 62 -21 
 25 65 -8 
 25 90 -16 
 25 92 15 
 25 94 -97 
 26 26 -4 
 26 38 -23 
 26 45 67 
 26 56 64 
 26 79 4 
 26 83 37 
 26 88 -15 
 26 91 -78 
 26 95 -67 
 27 57 -1 
 27 58 8 
 27 64 1 
 27 70 99 
 27 76 -39 
 27 78 74 
 28 40 28 
 28 41 72 
 28 54 13 
 28 57 76 
 28 63 59 
 29 29 -53 
 29 31 -3 
 29 43 39 
 29 61 -62 
 29 66 -12 
 29 82 87 
 29 88 91 
 30 31 -84 
 30 49 16 
 30 59 -99 
 30 67 -90 
 30 71 41 
 30 87 25 
 30 96 31 
 31 31 -45 
 31 33 -50 
 31 43 48 
 31 61 96 
 31 82 100 
 31 90 89 
 31 91 88 
 31 100 -37 
 32 36 72 
 32 43 80 
 32 46 -48 
 32 48 13 
 32 56 56 
 32 75 21 
 32 79 -99 
 32 92 -17 
 32 97 -50 
 33 34 -37 
 33 38 2 
 33 39 -61 
 33 40 -95 
 33 79 -41 
 33 83 -59 
 33 86 27 
 33 91 80 
 33 100 -26 
 34 35 71 
 34 39 65 
 34 43 -5 
 34 47 -19 
 34 52 -82 
 34 55 61 
 34 59 72 
 34 72 -89 
 34 77 -13 
 34 80 -50 
 35 43 -91 
 35 44 87 
 35 55 -61 
 35 80 -1 
 35 87 -79 
 35 100 -3 
 36 88 -19 
 36 94 16 
 37 46 -17 
 37 48 56 
 37 56 80 
 37 80 -33 
 37 93 -48 
 38 41 49 
 38 44 83 
 38 45 33 
 38 62 -4 
 38 81 -71 
 38 91 61 
 38 95 -44 
 38 96 1 
 38 99 99 
 39 42 -39 
 39 43 -39 
 39 44 29 
 39 48 -21 
 39 66 66 
 39 86 -89 
 39 92 16 
 39 100 97 
 40 76 91 
 41 42 -18 
 41 47 51 
 41 78 -5 
 41 84 37 
 41 92 -32 
 42 49 -13 
 42 58 18 
 42 59 12 
 42 86 61 
 43 51 -80 
 43 53 80 
 43 59 38 
 43 80 32 
 43 93 88 
 43 99 62 
 44 44 -26 
 44 55 -85 
 44 59 95 
 44 66 77 
 44 80 -53 
 44 81 16 
 45 62 -21 
 45 82 -35 
 45 91 -15 
 45 99 -47 
 46 50 -70 
 46 82 85 
 46 85 -23 
 46 90 -14 
 47 60 -81 
 47 71 -55 
 47 95 -30 
 47 96 3 
 48 64 -31 
 48 94 54 
 49 50 9 
 49 54 38 
 49 70 -3 
 49 89 39 
 49 99 -45 
 50 64 68 
 50 66 -88 
 50 74 -90 
 50 81 -2 
 50 87 62 
 51 66 -37 
 51 79 99 
 51 93 38 
 52 65 -41 
 52 70 -14 
 52 71 -12 
 52 81 -74 
 52 83 -32 
 53 58 -29 
 53 59 9 
 53 73 19 
 53 80 18 
 53 89 35 
 53 100 -18 
 54 67 -33 
 54 75 -76 
 54 94 72 
 54 100 95 
 55 59 73 
 55 61 -22 
 55 85 -31 
 55 89 -78 
 55 93 67 
 56 68 -8 
 56 75 -66 
 56 84 -92 
 57 67 3 
 57 94 -5 
 58 66 -26 
 58 78 80 
 58 83 85 
 59 60 -69 
 59 67 17 
 59 80 88 
 60 65 -19 
 60 87 -93 
 61 70 26 
 61 78 -1 
 62 94 -3 
 62 99 -52 
 63 73 58 
 63 77 -82 
 63 78 44 
 63 90 -63 
 64 66 -96 
 64 77 -70 
 64 84 -86 
 64 91 35 
 65 67 59 
 65 81 -18 
 66 72 38 
 66 76 22 
 66 79 -33 
 66 91 33 
 67 68 86 
 67 85 99 
 68 79 -26 
 68 88 -40 
 68 96 -26 
 69 73 -92 
 69 78 56 
 69 81 51 
 70 76 53 
 70 78 22 
 70 80 4 
 70 99 -10 
 70 100 -60 
 71 71 57 
 71 72 -69 
 71 90 95 
 71 92 30 
 72 75 40 
 73 79 -93 
 73 90 24 
 73 92 -57 
 73 96 24 
 73 98 91 
 74 83 -27 
 74 92 17 
 75 85 -78 
 75 94 -74 
 75 100 21 
 77 77 98 
 77 84 48 
 77 88 -9 
 78 99 -15 
 80 91 47 
 80 96 -41 
 81 88 -21 
 82 97 -30 
 85 89 10 
 85 90 -95 
 86 99 58 
 88 97 20 
 89 91 68 
 90 94 -9 
 93 93 -79 
 93 95 -19 
 94 95 -94 
 100 100 -90 
 100 528 
 1 4 28 
 1 8 -77 
 1 11 100 
 1 20 -29 
 1 24 -75 
 1 27 84 
 1 30 67 
 1 34 -25 
 1 36 18 
 1 56 -91 
 1 57 -29 
 1 58 -92 
 1 63 36 
 1 64 77 
 1 65 78 
 1 72 -20 
 1 75 -51 
 1 95 -22 
 2 21 -79 
 2 26 -22 
 2 36 -53 
 2 38 -3 
 2 48 43 
 2 60 -66 
 2 79 -21 
 2 82 -7 
 2 84 22 
 3 6 -9 
 3 25 74 
 3 35 27 
 3 40 -13 
 3 52 -71 
 3 70 65 
 3 87 -29 
 3 97 -64 
 4 20 -55 
 4 21 8 
 4 27 57 
 4 30 -16 
 4 59 -80 
 4 72 38 
 4 77 99 
 4 80 38 
 4 100 -34 
 5 22 -53 
 5 24 44 
 5 30 -75 
 5 34 -61 
 5 37 38 
 5 57 26 
 5 68 -44 
 5 71 11 
 5 84 60 
 6 16 49 
 6 19 6 
 6 28 15 
 6 35 -96 
 6 39 -45 
 6 51 23 
 6 62 -97 
 6 73 11 
 6 86 42 
 6 95 76 
 6 96 -51 
 6 99 -38 
 7 10 -22 
 7 20 37 
 7 33 81 
 7 38 77 
 7 49 -38 
 7 53 99 
 7 66 13 
 7 71 67 
 7 88 60 
 7 98 96 
 8 23 -93 
 8 32 27 
 8 46 -87 
 8 54 -71 
 8 95 -4 
 9 9 41 
 9 17 94 
 9 30 -2 
 9 75 65 
 9 76 77 
 9 83 -76 
 9 92 24 
 10 14 55 
 10 21 69 
 10 39 29 
 10 49 -78 
 10 69 52 
 10 79 43 
 10 83 89 
 10 89 -21 
 10 95 -35 
 10 97 43 
 10 99 97 
 11 16 -53 
 11 44 -75 
 11 54 -14 
 11 66 35 
 11 70 37 
 11 76 75 
 11 79 1 
 11 86 -73 
 11 97 -68 
 11 100 -49 
 12 15 -24 
 12 25 52 
 12 29 -25 
 12 43 -73 
 12 52 -99 
 12 69 23 
 12 75 -98 
 12 79 -57 
 12 83 62 
 12 87 9 
 13 17 1 
 13 59 -39 
 13 68 -57 
 13 81 35 
 13 83 17 
 13 84 -47 
 14 73 57 
 14 98 97 
 15 15 -80 
 15 17 8 
 15 23 -58 
 15 32 75 
 15 61 -93 
 15 70 45 
 15 71 58 
 15 94 -23 
 15 97 -33 
 15 98 31 
 15 100 -74 
 16 20 20 
 16 21 -18 
 16 42 -85 
 16 44 -22 
 16 53 92 
 16 54 71 
 16 60 -79 
 16 70 79 
 16 72 62 
 16 76 -31 
 16 84 -87 
 16 86 -45 
 16 91 -28 
 17 19 95 
 17 30 31 
 17 40 -38 
 17 52 6 
 17 56 -58 
 17 59 70 
 17 77 -38 
 17 79 -37 
 17 88 86 
 18 24 -61 
 18 37 54 
 18 41 74 
 18 46 -36 
 18 50 -93 
 18 56 -95 
 18 57 39 
 18 82 30 
 18 87 11 
 18 100 72 
 19 36 27 
 19 45 20 
 19 52 91 
 19 71 -76 
 19 72 -6 
 19 74 49 
 19 78 -18 
 19 89 6 
 19 95 95 
 19 100 -55 
 20 26 -48 
 20 35 -73 
 20 59 16 
 20 66 71 
 20 68 -11 
 20 74 -23 
 20 79 -38 
 20 82 -91 
 20 85 -12 
 20 90 5 
 21 23 27 
 21 27 27 
 21 31 -12 
 21 35 -98 
 21 65 -94 
 21 73 100 
 21 81 23 
 21 91 50 
 22 22 -31 
 22 45 10 
 22 47 -78 
 22 57 98 
 22 62 -27 
 22 63 92 
 22 64 -57 
 22 67 -40 
 22 88 -7 
 22 91 12 
 22 97 -88 
 22 98 92 
 23 28 -21 
 23 55 -70 
 23 56 -2 
 23 75 4 
 23 78 -62 
 23 83 66 
 23 92 -20 
 24 42 67 
 24 43 -56 
 24 51 -21 
 24 54 25 
 24 63 49 
 24 71 -73 
 24 87 39 
 24 93 -36 
 24 96 7 
 24 99 -87 
 25 31 48 
 25 32 72 
 25 37 21 
 25 38 -48 
 25 52 -31 
 25 63 -9 
 25 70 -67 
 25 72 44 
 25 74 -6 
 25 85 33 
 25 97 86 
 26 46 -74 
 26 54 -81 
 26 74 76 
 26 84 80 
 26 89 -93 
 26 97 62 
 26 100 98 
 27 27 -44 
 27 50 88 
 27 64 100 
 27 66 -25 
 27 69 -92 
 27 82 -77 
 27 88 -61 
 28 78 56 
 28 81 100 
 28 84 -53 
 28 87 92 
 28 93 -53 
 28 96 46 
 29 67 -55 
 29 80 99 
 29 100 100 
 30 30 -80 
 30 39 -18 
 30 57 70 
 30 69 -42 
 30 72 -24 
 30 91 -94 
 30 96 62 
 31 37 -53 
 31 49 -35 
 31 72 -48 
 31 77 18 
 31 83 -34 
 31 85 -65 
 31 89 -62 
 31 90 -80 
 31 99 20 
 32 44 65 
 32 57 -88 
 32 64 23 
 32 74 -18 
 32 84 99 
 32 94 4 
 33 36 38 
 33 37 -20 
 33 50 34 
 33 52 -57 
 33 54 -93 
 33 57 23 
 33 100 -81 
 34 52 40 
 34 59 -55 
 34 71 -45 
 34 72 -54 
 34 100 51 
 35 49 89 
 35 60 49 
 35 70 -6 
 35 82 78 
 35 86 78 
 35 88 -34 
 35 90 62 
 36 42 89 
 36 47 40 
 36 54 99 
 36 55 -5 
 36 57 34 
 36 72 -40 
 36 78 -45 
 36 87 -85 
 36 98 -83 
 37 54 -6 
 37 59 -43 
 37 70 -91 
 37 92 52 
 37 93 -7 
 37 97 -54 
 37 100 32 
 38 39 -78 
 38 54 53 
 38 69 -30 
 38 91 -20 
 39 41 56 
 39 45 -74 
 39 73 -94 
 39 79 5 
 39 93 -52 
 39 95 -68 
 40 44 7 
 40 85 -9 
 40 94 -71 
 40 97 72 
 41 59 11 
 41 75 74 
 41 83 78 
 41 91 -39 
 41 97 -29 
 42 50 -9 
 42 55 65 
 42 67 -6 
 42 76 47 
 42 84 60 
 42 86 -44 
 42 93 -12 
 43 52 45 
 43 57 -33 
 43 59 -27 
 43 72 91 
 43 87 82 
 43 94 -8 
 43 97 -44 
 44 46 96 
 44 51 -74 
 44 62 8 
 44 63 -85 
 44 69 -48 
 44 81 15 
 44 84 -15 
 44 89 -41 
 45 65 16 
 45 66 100 
 45 69 -78 
 45 96 -25 
 46 48 37 
 46 51 -76 
 46 59 41 
 46 69 64 
 46 74 9 
 46 76 44 
 46 86 18 
 46 100 -18 
 47 47 97 
 47 58 -76 
 47 60 -42 
 47 62 -27 
 47 83 -96 
 47 86 -41 
 48 51 96 
 48 53 96 
 48 85 -16 
 48 96 62 
 49 58 -95 
 49 59 15 
 49 61 -34 
 49 65 45 
 49 100 -35 
 50 51 -51 
 50 67 36 
 50 88 54 
 51 51 -94 
 51 56 -11 
 51 89 -96 
 51 95 -34 
 51 98 55 
 52 60 76 
 52 61 -79 
 52 62 33 
 52 64 -37 
 52 66 -98 
 52 69 52 
 52 71 -65 
 52 75 29 
 52 92 -38 
 52 97 83 
 53 53 56 
 53 74 -74 
 54 58 100 
 54 64 98 
 54 66 -42 
 54 68 5 
 54 69 -31 
 54 80 -71 
 54 93 9 
 54 95 -10 
 55 55 76 
 55 87 -8 
 55 99 -70 
 56 57 57 
 56 64 29 
 56 72 -35 
 56 85 -36 
 56 93 89 
 57 59 65 
 57 61 96 
 57 73 -46 
 57 91 17 
 58 69 -53 
 58 96 80 
 59 59 9 
 59 61 20 
 59 79 38 
 59 83 -26 
 59 89 100 
 59 95 -99 
 60 60 9 
 60 93 -97 
 60 95 67 
 60 98 28 
 61 77 60 
 61 82 85 
 61 85 47 
 61 99 -53 
 62 62 -85 
 62 69 27 
 62 79 59 
 62 86 -18 
 62 92 15 
 63 66 75 
 63 77 46 
 63 83 26 
 64 70 -51 
 64 87 -88 
 65 73 9 
 65 91 70 
 66 72 39 
 66 78 85 
 66 82 81 
 66 94 -10 
 67 72 62 
 67 74 6 
 67 77 -85 
 67 78 -3 
 67 84 73 
 67 87 -95 
 67 95 66 
 68 70 -17 
 68 74 20 
 68 75 38 
 68 82 -45 
 68 86 -3 
 68 90 -99 
 69 70 92 
 69 100 -6 
 70 76 -94 
 70 77 -56 
 70 79 -42 
 70 86 15 
 71 82 41 
 71 93 -94 
 72 72 32 
 72 75 55 
 72 90 -58 
 72 96 -28 
 72 97 32 
 73 84 58 
 73 90 -36 
 73 100 34 
 74 82 27 
 74 84 58 
 75 85 -25 
 75 89 38 
 75 95 -13 
 76 90 -11 
 76 94 -85 
 77 84 8 
 78 83 94 
 78 84 -7 
 78 88 54 
 78 100 10 
 80 86 5 
 80 90 37 
 80 96 24 
 81 84 23 
 81 85 50 
 81 97 89 
 81 98 14 
 81 99 -3 
 81 100 -63 
 82 95 -36 
 82 96 -82 
 83 83 -43 
 83 92 -44 
 83 98 -98 
 84 95 -14 
 85 89 -56 
 86 94 -1 
 87 87 5 
 88 99 3 
 89 89 89 
 89 100 93 
 90 94 -38 
 91 93 -79 
 91 96 67 
 91 99 -72 
 94 94 16 
 96 97 33 
 98 98 78 
 98 99 42 
 98 100 46 
 100 478 
 1 1 53 
 1 7 58 
 1 12 91 
 1 27 26 
 1 32 20 
 1 36 -59 
 1 69 -65 
 1 74 -86 
 1 95 64 
 1 99 -56 
 2 14 11 
 2 27 -6 
 2 28 98 
 2 33 -54 
 2 38 -78 
 2 49 -37 
 2 50 37 
 2 56 -92 
 2 57 30 
 2 65 -91 
 2 66 -44 
 2 87 -44 
 3 16 29 
 3 18 81 
 3 20 15 
 3 25 -89 
 3 30 -91 
 3 36 -23 
 3 44 21 
 3 50 -89 
 3 51 -38 
 3 64 -87 
 3 88 100 
 3 89 -56 
 3 94 22 
 3 95 -88 
 4 4 -38 
 4 33 94 
 4 38 -57 
 4 56 -1 
 4 76 -21 
 4 82 78 
 4 83 73 
 4 97 79 
 5 69 68 
 5 86 -23 
 5 100 -61 
 6 7 88 
 6 20 -29 
 6 34 -77 
 6 41 54 
 6 69 70 
 6 80 66 
 6 90 -33 
 7 12 10 
 7 17 -75 
 7 33 69 
 7 38 -3 
 7 64 61 
 7 90 -33 
 7 96 5 
 8 10 33 
 8 18 58 
 8 45 17 
 8 53 -88 
 8 64 -26 
 8 68 -34 
 8 69 -23 
 8 70 -46 
 8 77 -87 
 9 20 57 
 9 24 -33 
 9 25 -94 
 9 32 -98 
 9 40 90 
 9 57 -4 
 9 63 77 
 9 68 64 
 9 69 61 
 9 71 56 
 10 18 -10 
 10 24 59 
 10 28 -42 
 10 31 6 
 10 32 -7 
 10 34 -11 
 10 37 53 
 10 45 79 
 10 47 43 
 10 60 43 
 10 93 -27 
 10 96 17 
 10 98 -91 
 10 100 -84 
 11 11 43 
 11 12 58 
 11 15 44 
 11 17 -27 
 11 23 12 
 11 31 -87 
 11 40 -54 
 11 69 -36 
 11 85 -41 
 11 94 51 
 12 26 21 
 12 28 -86 
 12 34 -74 
 12 38 -14 
 12 52 46 
 12 55 -42 
 12 70 -10 
 12 80 -94 
 12 93 42 
 13 16 93 
 13 37 -87 
 13 47 -65 
 13 57 -44 
 13 66 -8 
 13 75 -57 
 13 88 -93 
 13 93 16 
 14 45 97 
 14 61 11 
 15 17 -13 
 15 18 40 
 15 60 -96 
 15 72 43 
 15 80 45 
 15 85 -60 
 15 92 -48 
 16 24 90 
 16 44 16 
 16 53 -17 
 16 54 22 
 16 56 -15 
 16 64 58 
 16 66 -53 
 16 68 98 
 16 72 24 
 16 86 -15 
 17 17 61 
 17 24 -69 
 17 28 4 
 17 29 -62 
 17 32 -8 
 17 37 95 
 17 44 55 
 17 45 -40 
 17 46 -15 
 17 48 43 
 17 62 5 
 17 79 -70 
 17 97 -95 
 18 18 -78 
 18 20 -83 
 18 27 99 
 18 42 70 
 18 55 95 
 18 63 59 
 18 90 96 
 19 27 58 
 19 38 -14 
 19 39 46 
 19 42 40 
 19 82 34 
 19 83 53 
 19 84 71 
 20 31 -38 
 20 44 54 
 20 53 -29 
 20 75 76 
 20 76 -99 
 20 93 -42 
 20 94 22 
 21 23 -6 
 21 36 9 
 21 77 29 
 21 78 -10 
 22 36 -29 
 22 44 53 
 22 47 -59 
 22 68 -98 
 22 77 9 
 22 91 89 
 22 95 -18 
 23 26 -1 
 23 33 -14 
 23 36 51 
 23 40 -42 
 23 46 72 
 23 55 5 
 23 61 57 
 24 41 -24 
 24 59 -33 
 24 63 92 
 24 72 87 
 24 78 81 
 24 82 -78 
 25 36 -92 
 25 41 27 
 25 43 41 
 25 46 -5 
 25 55 -32 
 25 57 -41 
 25 58 -15 
 25 64 29 
 25 74 -64 
 25 88 -70 
 25 92 -9 
 25 96 -28 
 25 100 87 
 26 29 -49 
 26 39 17 
 26 60 -65 
 26 69 57 
 26 93 -34 
 27 31 57 
 27 36 52 
 27 39 -93 
 27 41 40 
 27 52 -77 
 27 54 -33 
 27 60 67 
 27 67 99 
 27 77 41 
 27 85 -56 
 27 87 -41 
 27 89 -99 
 28 28 81 
 28 36 -58 
 28 48 -6 
 28 75 -17 
 28 78 56 
 28 80 7 
 29 39 13 
 29 45 30 
 29 59 -68 
 29 61 -95 
 29 69 97 
 29 70 91 
 29 76 -65 
 29 87 63 
 29 89 -5 
 29 96 63 
 30 57 39 
 30 61 32 
 30 67 -9 
 30 97 84 
 31 34 99 
 31 46 35 
 31 62 -69 
 31 64 -43 
 31 65 82 
 32 66 39 
 32 95 -35 
 33 43 -50 
 33 44 -42 
 33 53 -97 
 33 72 57 
 33 74 42 
 33 78 67 
 33 79 -38 
 33 82 -63 
 34 42 -98 
 34 54 63 
 34 61 63 
 34 74 54 
 34 88 -44 
 34 91 91 
 34 92 -60 
 34 94 -12 
 35 45 19 
 35 46 -23 
 35 56 59 
 35 58 38 
 35 63 -95 
 35 75 -29 
 35 96 98 
 36 43 84 
 36 89 26 
 36 90 39 
 37 39 -29 
 37 49 49 
 37 54 -22 
 37 56 28 
 37 71 15 
 37 73 43 
 37 76 -19 
 37 87 84 
 37 91 1 
 37 96 -5 
 38 42 87 
 38 45 91 
 38 51 -24 
 38 60 -96 
 38 81 -35 
 39 61 -24 
 39 70 21 
 39 85 53 
 39 93 34 
 39 96 -25 
 39 99 49 
 40 42 23 
 40 60 10 
 40 85 -75 
 40 90 9 
 40 93 -39 
 40 96 -43 
 41 41 -27 
 41 49 18 
 41 55 -24 
 41 56 4 
 41 64 -67 
 41 68 -26 
 41 71 -9 
 41 72 16 
 41 74 -22 
 41 83 74 
 42 64 -83 
 42 72 45 
 42 79 95 
 42 81 8 
 42 82 59 
 43 44 -38 
 43 58 73 
 43 59 -55 
 43 68 97 
 43 79 -13 
 43 85 -17 
 43 87 -47 
 43 96 -61 
 43 98 -23 
 44 63 87 
 44 81 -88 
 44 92 -9 
 44 95 23 
 45 54 61 
 45 91 51 
 45 96 -68 
 46 47 63 
 46 55 68 
 46 64 80 
 46 81 -86 
 47 55 -52 
 47 68 -5 
 47 87 -53 
 47 91 -88 
 47 92 -8 
 47 93 -79 
 47 98 -82 
 48 51 67 
 48 63 92 
 48 79 -75 
 48 88 -17 
 48 99 6 
 49 53 -70 
 49 54 -19 
 49 64 90 
 49 65 38 
 49 69 19 
 49 80 -48 
 49 86 -91 
 49 94 39 
 49 95 91 
 50 56 -61 
 50 63 83 
 50 65 -33 
 50 69 -92 
 50 75 74 
 50 90 34 
 50 92 85 
 50 93 -15 
 50 99 -73 
 51 54 -79 
 51 60 -56 
 51 96 14 
 51 98 84 
 52 53 -49 
 52 60 -1 
 52 63 45 
 52 67 5 
 52 78 -67 
 52 86 -54 
 52 87 70 
 52 93 -52 
 52 95 -16 
 52 96 4 
 53 56 23 
 53 87 -48 
 53 93 -71 
 53 100 -19 
 54 67 -57 
 54 97 10 
 55 70 -14 
 55 72 -33 
 55 81 49 
 55 97 13 
 55 100 57 
 56 62 -95 
 56 69 68 
 57 71 -99 
 57 89 -46 
 57 100 39 
 58 60 72 
 58 81 29 
 58 96 -61 
 59 95 78 
 60 86 -91 
 61 77 -76 
 61 82 21 
 62 87 -55 
 62 94 -32 
 63 77 -27 
 63 88 45 
 63 90 -47 
 63 93 74 
 64 68 22 
 64 72 -2 
 64 87 -25 
 64 96 -58 
 64 100 51 
 67 76 -92 
 67 81 -77 
 67 84 -37 
 67 96 41 
 68 83 72 
 68 85 39 
 68 89 51 
 69 78 20 
 69 81 99 
 70 84 -11 
 70 91 -47 
 70 99 11 
 70 100 -19 
 71 75 49 
 72 85 94 
 72 86 -92 
 72 100 -5 
 73 80 41 
 73 88 40 
 74 77 33 
 74 79 -74 
 76 77 51 
 76 93 -25 
 76 100 89 
 77 80 -38 
 77 88 -22 
 77 100 14 
 78 81 -53 
 78 83 -87 
 78 94 78 
 79 84 47 
 79 92 -29 
 79 99 69 
 80 80 16 
 80 88 -5 
 80 96 -91 
 81 85 74 
 82 91 44 
 82 100 -59 
 83 85 93 
 83 95 -64 
 84 87 -83 
 84 94 -80 
 84 97 -67 
 85 99 81 
 86 94 50 
 87 94 6 
 88 89 -50 
 88 96 -99 
 89 100 -67 
 91 93 39 
 91 100 39 
 92 93 96 
 93 95 45 
 94 100 75 
 95 99 65 
 97 97 -10 
 100 499 
 1 4 -55 
 1 24 -48 
 1 31 5 
 1 33 -29 
 1 39 82 
 1 41 93 
 1 81 57 
 1 96 8 
 2 5 -96 
 2 6 -5 
 2 7 -91 
 2 9 -37 
 2 17 -47 
 2 20 -50 
 2 84 -78 
 2 93 9 
 3 3 1 
 3 19 21 
 3 20 81 
 3 25 -76 
 3 28 45 
 3 31 -3 
 3 40 96 
 3 45 31 
 3 74 -42 
 4 16 79 
 4 21 1 
 4 30 -62 
 4 32 64 
 4 38 -57 
 4 82 -45 
 4 85 31 
 4 88 -39 
 5 12 13 
 5 20 48 
 5 24 13 
 5 39 81 
 5 47 87 
 5 51 34 
 5 52 -47 
 5 66 32 
 5 67 73 
 5 78 -20 
 5 81 -29 
 6 24 -44 
 6 29 81 
 6 36 -29 
 6 42 90 
 6 45 94 
 6 47 89 
 6 59 71 
 6 64 36 
 6 79 -74 
 6 82 -81 
 6 86 -34 
 6 96 -64 
 6 100 -77 
 7 46 -76 
 7 53 16 
 7 59 95 
 7 70 70 
 7 73 52 
 7 83 -55 
 7 84 -23 
 7 95 -52 
 8 22 -89 
 8 32 -95 
 8 40 67 
 8 58 -81 
 8 74 43 
 8 79 -51 
 8 91 59 
 8 93 42 
 9 66 -23 
 9 67 -42 
 9 92 -90 
 10 13 -53 
 10 21 -58 
 10 32 -33 
 10 44 -44 
 10 59 -74 
 10 84 -45 
 10 94 67 
 11 14 -53 
 11 67 -26 
 11 82 28 
 11 84 -99 
 11 87 -17 
 11 93 -51 
 12 17 -23 
 12 24 93 
 12 25 -7 
 12 26 9 
 12 30 -4 
 12 38 41 
 12 49 7 
 12 78 68 
 12 80 7 
 13 17 -72 
 13 22 42 
 13 25 -63 
 13 27 43 
 13 36 -80 
 13 37 -69 
 13 45 -95 
 13 67 -99 
 13 85 -28 
 13 88 85 
 14 40 7 
 14 43 49 
 14 46 11 
 14 53 78 
 14 69 -58 
 14 77 70 
 14 89 44 
 14 97 5 
 15 22 -3 
 15 24 -78 
 15 37 78 
 15 42 27 
 15 64 -98 
 15 74 -93 
 15 90 -81 
 16 18 -7 
 16 27 -96 
 16 40 25 
 16 48 -65 
 16 83 80 
 16 95 20 
 17 33 64 
 17 37 -18 
 17 40 12 
 17 41 74 
 17 49 18 
 17 65 64 
 17 70 70 
 17 78 77 
 17 83 -16 
 18 28 -69 
 18 39 -30 
 18 55 -45 
 18 81 -32 
 18 93 93 
 18 94 -4 
 19 44 78 
 19 53 -60 
 19 56 -96 
 19 69 6 
 19 76 69 
 19 86 3 
 19 87 -85 
 19 96 -14 
 19 100 -38 
 20 20 -93 
 20 25 51 
 20 32 -86 
 20 34 -41 
 20 35 -79 
 20 42 -67 
 20 45 -64 
 20 53 -86 
 20 74 -67 
 20 77 7 
 20 78 85 
 20 80 90 
 20 86 19 
 21 30 12 
 21 36 81 
 21 43 -81 
 21 53 -42 
 21 57 39 
 21 69 4 
 21 73 100 
 21 87 17 
 21 96 38 
 21 100 59 
 22 22 -88 
 22 33 -86 
 22 35 89 
 22 49 72 
 22 57 -82 
 22 64 72 
 22 68 75 
 22 76 -90 
 22 91 80 
 22 95 84 
 22 99 75 
 23 25 -25 
 23 29 21 
 23 47 96 
 23 81 34 
 23 90 -61 
 23 93 -43 
 24 30 -66 
 24 46 -47 
 24 61 -66 
 24 67 -17 
 24 73 -96 
 24 89 -4 
 24 92 -2 
 24 93 74 
 24 99 84 
 25 37 -55 
 25 63 -14 
 25 66 9 
 25 69 -93 
 25 86 -34 
 25 95 21 
 26 31 -54 
 26 57 -8 
 26 58 -46 
 26 68 61 
 27 43 65 
 27 46 14 
 27 75 19 
 27 80 99 
 27 99 36 
 28 38 -79 
 28 39 52 
 28 73 -40 
 28 77 -82 
 28 81 17 
 29 38 48 
 29 41 -10 
 29 48 -10 
 29 74 -44 
 29 77 46 
 29 83 -68 
 29 100 -49 
 30 46 80 
 30 58 -12 
 30 78 37 
 30 91 53 
 31 32 98 
 31 43 29 
 31 46 -55 
 31 49 -39 
 31 66 -44 
 31 69 -5 
 31 79 3 
 31 91 93 
 31 95 45 
 31 98 -24 
 32 34 -27 
 32 41 63 
 32 44 -51 
 32 49 -21 
 32 55 69 
 32 69 63 
 32 73 97 
 32 78 89 
 32 93 -87 
 33 36 44 
 33 55 -83 
 33 60 94 
 33 68 -86 
 33 70 -86 
 33 87 13 
 33 89 33 
 33 90 -30 
 33 98 -56 
 33 99 62 
 34 40 72 
 34 41 48 
 34 64 -94 
 34 72 88 
 34 81 -6 
 34 84 -9 
 34 90 -42 
 34 100 -71 
 35 38 47 
 35 42 -86 
 35 44 -43 
 35 67 -7 
 35 83 -21 
 35 100 -5 
 36 41 -87 
 36 54 2 
 36 59 -32 
 36 60 -94 
 36 67 14 
 36 74 27 
 36 76 80 
 36 77 -63 
 36 87 93 
 37 58 -83 
 37 60 55 
 37 62 -38 
 37 70 34 
 37 73 -50 
 37 74 -65 
 37 79 -78 
 38 45 -56 
 38 48 -24 
 38 62 96 
 38 84 61 
 38 97 46 
 39 42 54 
 39 55 68 
 39 60 36 
 39 69 -58 
 39 72 34 
 40 52 -86 
 40 54 -30 
 40 58 -87 
 40 71 78 
 40 81 -4 
 40 99 -44 
 41 60 75 
 41 69 -19 
 41 77 -7 
 41 92 1 
 41 98 61 
 42 58 76 
 42 62 85 
 42 64 79 
 42 77 -91 
 42 89 -10 
 43 47 7 
 43 54 -80 
 43 61 -80 
 43 72 19 
 43 95 17 
 44 50 34 
 44 53 51 
 44 54 84 
 44 60 -91 
 44 61 -78 
 44 66 -46 
 44 68 -12 
 44 90 92 
 45 46 34 
 45 53 -73 
 45 88 28 
 45 91 86 
 45 95 61 
 46 55 -94 
 46 69 -42 
 46 97 84 
 47 55 11 
 47 69 -10 
 47 72 21 
 47 75 70 
 47 79 14 
 47 93 -92 
 47 95 56 
 48 61 20 
 48 74 37 
 48 81 -56 
 48 85 -23 
 48 92 26 
 49 52 2 
 49 53 82 
 49 59 61 
 49 88 73 
 49 94 45 
 49 100 78 
 50 52 -10 
 50 69 -27 
 50 84 -57 
 50 94 -30 
 50 96 95 
 51 54 -6 
 51 56 -13 
 51 64 88 
 51 72 39 
 51 74 -40 
 51 85 -90 
 51 98 54 
 52 55 100 
 52 60 -53 
 52 72 -70 
 52 74 60 
 52 96 83 
 53 70 -50 
 53 73 35 
 53 99 81 
 54 57 -85 
 54 82 -86 
 54 86 -87 
 54 87 -18 
 55 58 73 
 55 62 -95 
 56 58 -61 
 56 89 -54 
 56 97 -56 
 57 70 11 
 57 71 -46 
 57 77 -77 
 57 82 6 
 57 86 -57 
 58 62 -5 
 58 72 91 
 58 86 -48 
 58 88 -1 
 58 89 70 
 59 68 58 
 59 77 -80 
 59 86 64 
 59 93 -23 
 59 98 -61 
 59 99 72 
 60 61 -9 
 60 65 7 
 60 68 -89 
 60 70 -63 
 60 71 -59 
 60 74 -49 
 60 78 -44 
 60 99 98 
 61 64 61 
 61 68 46 
 61 70 -66 
 62 69 -42 
 62 71 -37 
 62 76 -27 
 62 92 -32 
 63 87 -94 
 63 90 -57 
 64 70 -59 
 64 80 -53 
 64 86 -80 
 64 91 66 
 64 92 -94 
 64 96 55 
 64 99 19 
 65 72 27 
 65 91 -19 
 66 66 3 
 66 73 -50 
 66 79 -19 
 66 86 -1 
 66 90 68 
 66 92 54 
 67 81 -77 
 68 70 60 
 68 78 -40 
 68 82 45 
 68 85 -15 
 69 76 -45 
 69 90 -10 
 69 99 -30 
 69 100 -4 
 70 79 25 
 70 83 95 
 70 90 35 
 70 97 16 
 71 80 -50 
 71 93 12 
 71 99 -91 
 72 75 79 
 72 76 -2 
 72 79 78 
 72 82 16 
 72 94 89 
 72 96 84 
 72 97 94 
 73 78 2 
 73 89 86 
 73 91 -57 
 73 92 29 
 75 76 6 
 75 80 89 
 75 81 84 
 75 88 -71 
 76 88 -88 
 77 79 -8 
 77 91 -84 
 77 95 -33 
 77 97 5 
 78 81 45 
 78 87 45 
 78 97 62 
 79 88 -70 
 79 90 72 
 79 99 84 
 80 81 24 
 80 87 -62 
 81 83 -42 
 81 90 71 
 82 88 92 
 82 92 34 
 83 94 -29 
 83 96 70 
 83 98 -27 
 84 84 69 
 84 93 3 
 84 97 60 
 86 86 15 
 86 100 82 
 88 95 -12 
 88 99 -38 
 90 90 -37 
 90 97 -21 
 92 98 -83 
 94 99 -70 
 94 100 25 
 96 97 71 
 97 99 -93 
 100 511 
 1 12 -63 
 1 13 -62 
 1 15 34 
 1 32 -44 
 1 35 33 
 1 39 24 
 1 50 84 
 1 52 49 
 1 89 32 
 2 15 59 
 2 17 56 
 2 29 26 
 2 36 14 
 2 38 -49 
 2 65 -32 
 2 72 -4 
 2 73 36 
 2 97 -93 
 2 100 1 
 3 9 -29 
 3 40 15 
 3 56 61 
 3 58 -67 
 3 70 15 
 3 79 -63 
 3 84 78 
 3 98 40 
 4 8 39 
 4 9 -49 
 4 18 -1 
 4 35 -95 
 4 47 -4 
 4 48 64 
 4 54 -96 
 4 58 93 
 4 78 -42 
 4 88 -46 
 5 7 -67 
 5 11 56 
 5 28 -45 
 5 37 34 
 5 45 16 
 5 49 21 
 5 70 -37 
 5 73 -84 
 5 87 -45 
 6 8 -20 
 6 17 90 
 6 25 -4 
 6 30 -44 
 6 63 7 
 6 65 -79 
 6 66 95 
 6 81 60 
 7 13 71 
 7 18 -75 
 7 24 -46 
 7 27 -53 
 7 38 56 
 7 57 7 
 7 62 93 
 7 63 -59 
 7 64 -91 
 8 25 -48 
 8 33 -66 
 8 35 58 
 8 37 42 
 8 59 -16 
 8 74 8 
 8 82 20 
 9 18 52 
 9 25 -95 
 9 50 -24 
 9 67 -97 
 9 75 86 
 9 77 -89 
 9 94 -13 
 9 95 85 
 10 25 -1 
 10 39 -12 
 10 45 -15 
 10 47 76 
 10 54 31 
 10 57 -64 
 10 68 23 
 11 30 -47 
 11 41 -20 
 11 64 100 
 11 70 16 
 11 75 39 
 11 76 37 
 11 83 -19 
 11 87 7 
 11 96 17 
 12 19 8 
 12 29 -98 
 12 34 -42 
 12 38 -96 
 12 40 62 
 12 46 -78 
 12 51 -69 
 12 59 -63 
 12 90 -13 
 13 22 -88 
 13 38 -72 
 13 39 31 
 13 47 12 
 13 58 -49 
 13 59 97 
 13 64 -66 
 13 70 -77 
 13 78 -39 
 13 87 -54 
 14 22 -4 
 14 32 1 
 14 50 26 
 14 60 78 
 14 71 -95 
 14 72 73 
 14 77 90 
 14 78 14 
 14 81 -5 
 14 98 17 
 15 17 -52 
 15 32 41 
 15 36 -92 
 15 40 -86 
 15 42 74 
 15 43 96 
 15 49 19 
 15 53 -14 
 15 62 -91 
 15 77 33 
 16 16 -39 
 16 46 57 
 16 76 -63 
 17 41 55 
 17 58 91 
 17 63 40 
 17 74 21 
 17 78 -23 
 17 83 18 
 17 84 58 
 17 95 -57 
 18 20 -98 
 18 26 37 
 18 49 65 
 18 51 -60 
 18 58 80 
 18 62 -13 
 18 64 -24 
 18 78 16 
 19 37 -38 
 19 44 28 
 19 51 -54 
 19 77 -50 
 19 80 36 
 19 81 -84 
 19 97 69 
 19 98 -73 
 20 26 84 
 20 33 54 
 20 52 38 
 20 56 -95 
 20 68 85 
 20 81 49 
 20 85 11 
 20 92 -39 
 20 95 -79 
 20 100 -46 
 21 25 16 
 21 30 -39 
 21 37 -81 
 21 46 88 
 21 57 -53 
 21 70 7 
 21 78 67 
 21 79 -74 
 21 90 -80 
 21 97 -90 
 22 34 -7 
 22 43 -44 
 22 67 -29 
 22 69 -96 
 22 72 -1 
 22 81 -61 
 23 42 50 
 23 49 -97 
 23 53 12 
 23 54 -6 
 23 68 -8 
 23 91 -49 
 24 32 -93 
 24 33 59 
 24 40 1 
 24 52 -96 
 24 54 -39 
 25 27 -66 
 25 31 21 
 25 57 -40 
 25 61 -23 
 25 62 -70 
 25 69 -67 
 25 72 -18 
 25 78 69 
 25 84 89 
 25 91 23 
 25 99 24 
 26 34 -81 
 26 47 74 
 26 53 73 
 26 57 11 
 26 86 -34 
 26 92 47 
 26 95 13 
 27 27 -32 
 27 28 95 
 27 31 55 
 27 33 -82 
 27 35 -51 
 27 38 -46 
 27 57 63 
 27 74 -27 
 27 75 32 
 27 80 -12 
 27 82 -80 
 27 86 54 
 27 88 -9 
 28 34 52 
 28 48 -95 
 28 52 -86 
 28 55 21 
 28 65 27 
 28 66 5 
 28 84 76 
 28 88 94 
 28 95 -17 
 28 99 82 
 29 30 -56 
 29 33 100 
 29 64 -41 
 29 71 -34 
 29 72 17 
 29 76 43 
 29 88 43 
 29 90 98 
 29 99 -50 
 30 32 5 
 30 49 -69 
 30 54 -81 
 30 55 -11 
 30 58 -10 
 30 68 56 
 30 71 20 
 30 74 45 
 30 75 58 
 30 77 -10 
 30 94 -83 
 30 95 81 
 31 34 22 
 31 55 -10 
 31 66 66 
 31 68 1 
 31 79 35 
 31 80 4 
 31 81 65 
 31 93 90 
 31 95 30 
 31 96 -56 
 32 45 86 
 32 53 -95 
 32 66 22 
 32 82 43 
 33 36 -94 
 33 44 36 
 33 48 7 
 33 54 52 
 33 70 -95 
 33 93 49 
 34 39 -31 
 34 75 -95 
 34 88 -12 
 35 54 64 
 35 57 71 
 35 63 -18 
 35 75 78 
 35 88 -52 
 36 37 -79 
 36 39 89 
 36 40 36 
 36 45 5 
 36 55 -57 
 36 72 -78 
 36 84 14 
 36 86 -47 
 36 96 19 
 37 37 -40 
 37 38 -65 
 37 52 -23 
 37 54 76 
 37 56 4 
 37 60 -4 
 37 67 -46 
 37 73 -95 
 37 97 -12 
 38 47 -47 
 38 62 -31 
 38 70 -90 
 38 87 -3 
 38 88 94 
 38 90 69 
 38 92 95 
 39 58 39 
 39 71 -96 
 39 75 38 
 39 82 -78 
 39 85 90 
 39 97 -7 
 40 48 86 
 40 49 54 
 40 62 78 
 40 70 61 
 40 73 43 
 40 83 -48 
 40 84 8 
 41 42 1 
 41 46 -10 
 41 54 72 
 41 79 14 
 41 82 -26 
 42 44 -78 
 42 48 -60 
 42 69 -60 
 42 78 -7 
 43 43 -38 
 43 46 -23 
 43 48 -5 
 43 52 7 
 43 58 29 
 43 73 52 
 43 79 94 
 43 81 24 
 43 91 -81 
 43 96 38 
 43 97 -16 
 44 60 82 
 44 62 74 
 44 88 -3 
 45 58 -48 
 45 61 95 
 45 74 36 
 45 88 86 
 45 89 95 
 45 98 1 
 46 48 -69 
 46 50 8 
 46 63 18 
 46 70 57 
 46 90 -54 
 46 96 91 
 46 98 -44 
 47 59 20 
 47 60 84 
 47 86 69 
 47 95 -35 
 47 98 -25 
 47 99 -37 
 48 51 9 
 48 61 -8 
 48 64 -61 
 48 76 -98 
 48 79 78 
 48 84 13 
 48 87 32 
 48 92 12 
 49 51 84 
 49 59 -25 
 49 60 90 
 49 61 -11 
 49 76 97 
 49 94 -87 
 50 50 36 
 50 53 -60 
 50 57 97 
 50 84 40 
 50 93 -24 
 50 97 -81 
 51 80 -30 
 51 98 6 
 51 100 14 
 52 53 92 
 52 71 4 
 52 79 -15 
 52 84 85 
 53 57 -9 
 53 67 -44 
 53 76 -35 
 53 86 40 
 53 100 -6 
 54 60 -58 
 54 70 -49 
 54 71 60 
 54 95 -14 
 55 57 -52 
 55 61 3 
 55 83 -93 
 55 92 -4 
 55 98 -2 
 56 63 -93 
 56 69 -72 
 56 71 85 
 56 89 -30 
 56 94 89 
 57 69 -67 
 57 73 58 
 57 82 34 
 57 86 88 
 57 87 -54 
 57 93 84 
 57 99 73 
 58 65 -83 
 58 66 -1 
 58 70 10 
 58 71 93 
 58 73 -55 
 58 75 -60 
 58 91 -4 
 58 99 86 
 59 73 33 
 59 75 87 
 59 88 -73 
 59 93 80 
 60 68 -14 
 60 82 77 
 60 85 67 
 60 94 -66 
 60 95 -24 
 61 80 -17 
 61 81 55 
 61 97 -58 
 62 63 -77 
 62 75 -9 
 62 84 -26 
 63 79 62 
 63 88 -32 
 64 79 -49 
 64 86 -73 
 65 66 -40 
 65 72 8 
 65 77 -89 
 65 92 -8 
 65 97 41 
 65 99 16 
 66 71 18 
 66 77 -20 
 66 85 2 
 67 68 100 
 67 71 -24 
 67 74 14 
 67 79 62 
 67 89 46 
 68 93 -10 
 68 99 91 
 70 77 -94 
 70 91 -18 
 71 74 100 
 71 75 -49 
 71 78 -61 
 71 86 -29 
 71 95 80 
 71 99 4 
 72 73 55 
 72 77 92 
 72 80 39 
 72 98 17 
 73 93 100 
 74 82 -27 
 74 97 -14 
 75 87 35 
 75 92 25 
 75 95 -74 
 75 98 5 
 77 90 7 
 77 93 3 
 77 96 20 
 77 97 74 
 78 84 17 
 79 89 4 
 79 90 -48 
 80 90 -17 
 80 99 6 
 81 87 -4 
 81 96 82 
 82 90 53 
 82 94 80 
 82 99 64 
 83 84 -14 
 84 97 6 
 85 95 -75 
 87 99 -19 
 88 92 3 
 88 99 -29 
 89 89 -58 
 89 99 -16 
 93 99 7 
 95 95 81 
 95 97 -33 
 96 96 -55 
 96 100 -73 
 97 98 98 
 98 98 -75 
 100 497 
 1 7 -36 
 1 23 18 
 1 60 15 
 1 81 -59 
 1 88 39 
 1 90 -45 
 2 8 -18 
 2 14 -15 
 2 20 -58 
 2 25 -43 
 2 42 -20 
 2 50 49 
 2 54 57 
 2 65 -71 
 2 66 80 
 2 73 81 
 2 74 81 
 2 82 4 
 2 87 96 
 3 7 -75 
 3 14 5 
 3 21 -29 
 3 35 70 
 3 50 -33 
 3 58 -76 
 3 60 -40 
 3 97 91 
 4 9 27 
 4 20 9 
 4 27 51 
 4 35 86 
 4 39 -48 
 4 41 90 
 4 50 56 
 4 65 63 
 4 66 10 
 4 70 -51 
 4 77 7 
 4 81 12 
 4 91 -81 
 5 23 12 
 5 30 -96 
 5 38 88 
 5 52 76 
 5 58 46 
 5 64 1 
 5 72 92 
 5 82 -8 
 6 8 -70 
 6 39 83 
 6 57 -72 
 6 73 -11 
 6 77 -54 
 6 90 -71 
 6 95 5 
 7 40 49 
 7 52 3 
 7 67 47 
 7 74 63 
 7 75 -96 
 7 80 19 
 8 12 -63 
 8 30 89 
 8 47 -26 
 8 54 -44 
 8 55 -15 
 8 56 -12 
 8 59 79 
 8 60 -4 
 8 74 -68 
 8 82 4 
 8 85 52 
 8 90 -22 
 9 10 26 
 9 15 5 
 9 18 -98 
 9 34 91 
 9 70 49 
 9 73 -91 
 9 85 58 
 9 96 67 
 10 10 20 
 10 18 62 
 10 21 32 
 10 38 50 
 10 40 37 
 10 44 -32 
 10 66 -42 
 10 78 59 
 11 28 46 
 11 34 75 
 11 41 -25 
 11 43 34 
 11 72 -67 
 11 83 -16 
 11 90 16 
 12 21 51 
 12 24 -57 
 12 31 95 
 12 32 -58 
 12 35 71 
 12 36 -65 
 12 39 -65 
 12 41 -78 
 12 51 11 
 12 54 -76 
 12 57 7 
 12 62 87 
 12 71 93 
 12 77 -90 
 13 13 78 
 13 17 96 
 13 19 53 
 13 24 -58 
 13 27 76 
 13 53 50 
 13 57 -62 
 13 67 37 
 13 89 34 
 13 91 -18 
 13 95 -99 
 14 19 38 
 14 25 -23 
 14 26 -39 
 14 33 51 
 14 36 -95 
 14 58 85 
 14 65 51 
 14 70 77 
 14 99 -36 
 14 100 -99 
 15 24 68 
 15 55 86 
 15 60 96 
 15 65 -48 
 15 67 53 
 15 77 20 
 16 23 -95 
 16 25 -16 
 16 26 -91 
 16 34 19 
 16 51 -44 
 16 59 -35 
 16 66 -64 
 16 94 93 
 16 97 42 
 17 33 62 
 17 58 -71 
 17 82 -91 
 18 25 97 
 18 29 91 
 18 46 7 
 18 91 34 
 19 48 86 
 19 49 -15 
 19 56 -29 
 19 58 30 
 19 68 28 
 19 77 56 
 19 86 -41 
 19 99 49 
 20 25 93 
 20 28 -83 
 20 32 -32 
 20 43 -96 
 20 44 -74 
 20 69 -66 
 20 89 -8 
 21 41 36 
 21 43 15 
 21 45 -56 
 21 55 63 
 21 61 17 
 21 74 59 
 21 76 39 
 21 80 -72 
 21 93 48 
 22 42 -88 
 22 45 37 
 22 54 29 
 22 60 53 
 22 65 43 
 22 66 16 
 22 76 -49 
 22 89 92 
 22 92 41 
 23 51 73 
 23 66 9 
 23 75 25 
 23 81 -18 
 23 87 88 
 23 93 -24 
 23 99 60 
 24 25 59 
 24 70 -33 
 24 72 -80 
 24 80 -74 
 24 82 20 
 24 95 -44 
 25 25 -92 
 25 30 54 
 25 36 -83 
 25 37 -88 
 25 45 -25 
 25 48 -28 
 25 51 23 
 26 29 -3 
 26 38 -89 
 26 39 -52 
 26 40 62 
 26 55 91 
 26 68 31 
 26 70 17 
 26 72 57 
 26 78 73 
 27 37 30 
 27 38 -97 
 27 39 65 
 27 41 92 
 27 45 -56 
 27 55 -33 
 27 75 -88 
 27 88 -2 
 28 43 79 
 28 53 87 
 28 56 -76 
 28 66 -70 
 28 77 -30 
 28 78 91 
 28 93 65 
 28 98 2 
 29 30 -97 
 29 38 -88 
 29 44 -89 
 29 79 7 
 29 96 -50 
 30 39 49 
 30 44 -4 
 30 48 41 
 30 53 -19 
 30 60 15 
 30 99 -41 
 31 73 38 
 31 80 -73 
 31 86 17 
 31 90 -95 
 32 34 -71 
 32 49 -74 
 32 68 -21 
 32 84 -77 
 32 100 -87 
 33 34 -88 
 33 60 93 
 33 66 -93 
 33 69 54 
 33 91 69 
 34 35 -81 
 34 44 48 
 34 57 100 
 34 60 -71 
 34 76 87 
 34 84 59 
 34 100 -55 
 35 58 -70 
 35 77 -9 
 35 95 93 
 36 61 -73 
 36 69 -95 
 36 70 -43 
 36 77 -85 
 36 80 79 
 36 81 10 
 37 50 33 
 37 51 -88 
 37 58 -84 
 37 61 -27 
 37 76 -7 
 37 81 -29 
 37 87 -80 
 37 88 6 
 37 97 66 
 38 38 24 
 38 42 -64 
 38 45 91 
 38 47 83 
 38 56 64 
 38 58 -90 
 38 59 -85 
 38 69 15 
 38 76 79 
 38 92 -27 
 38 97 -81 
 39 56 -81 
 39 65 -52 
 39 72 -15 
 39 73 -71 
 39 74 82 
 39 75 -21 
 39 82 -91 
 39 88 19 
 40 40 -74 
 40 45 -53 
 40 48 59 
 40 56 53 
 40 62 -29 
 40 72 5 
 40 77 -3 
 40 93 -66 
 41 62 -21 
 41 97 75 
 41 98 -25 
 42 58 48 
 42 67 -23 
 42 79 62 
 42 90 61 
 42 99 2 
 43 68 58 
 43 78 -53 
 44 65 39 
 44 83 -29 
 44 94 -83 
 44 96 -2 
 44 100 24 
 45 46 49 
 45 52 -94 
 46 66 -54 
 46 69 56 
 46 70 38 
 46 90 -95 
 46 91 -8 
 46 99 54 
 47 47 -71 
 47 57 46 
 47 59 42 
 47 63 18 
 47 67 9 
 47 71 64 
 47 81 -74 
 47 86 90 
 47 89 61 
 47 92 70 
 47 97 3 
 48 54 -8 
 48 62 65 
 48 93 13 
 48 94 -81 
 48 96 -57 
 49 66 47 
 49 80 -47 
 49 81 18 
 49 98 -60 
 50 66 24 
 50 73 -76 
 50 86 -84 
 50 88 38 
 50 93 -65 
 50 94 17 
 51 82 -57 
 51 92 -79 
 51 98 -1 
 51 99 32 
 52 72 24 
 52 76 41 
 52 77 70 
 52 80 75 
 52 81 -37 
 52 82 -10 
 52 87 33 
 52 93 90 
 53 55 34 
 53 64 35 
 53 68 -94 
 53 75 5 
 53 87 -36 
 54 55 -81 
 54 56 41 
 54 58 50 
 54 63 -47 
 54 66 30 
 54 71 -36 
 54 77 -12 
 54 79 95 
 54 82 14 
 54 83 -59 
 55 69 34 
 55 79 -69 
 55 85 83 
 56 78 21 
 56 90 -70 
 57 66 100 
 57 67 -54 
 57 92 96 
 57 96 47 
 58 68 -84 
 58 70 -84 
 58 76 49 
 58 78 35 
 58 89 65 
 59 74 13 
 59 83 76 
 59 84 -30 
 59 93 -30 
 59 97 48 
 60 72 -86 
 60 83 89 
 60 89 -76 
 60 91 -13 
 60 97 17 
 61 66 8 
 61 76 46 
 61 77 55 
 61 85 -42 
 61 89 10 
 61 93 -78 
 62 73 94 
 62 81 48 
 62 86 54 
 63 78 96 
 63 84 97 
 63 85 -30 
 63 91 69 
 63 92 -97 
 64 66 -55 
 64 79 98 
 65 67 73 
 65 69 46 
 65 72 76 
 66 66 -47 
 66 76 -3 
 66 81 -41 
 66 82 83 
 66 84 38 
 66 88 -41 
 66 97 90 
 67 67 -50 
 67 71 46 
 67 100 -51 
 68 84 53 
 68 100 14 
 69 81 -75 
 69 92 -15 
 69 93 96 
 69 98 94 
 70 70 -77 
 70 75 -59 
 70 98 40 
 70 99 71 
 72 77 28 
 72 79 30 
 72 82 66 
 72 92 28 
 73 75 -45 
 73 86 40 
 73 90 32 
 74 76 -67 
 74 97 81 
 75 79 94 
 75 92 -48 
 75 94 -72 
 75 96 -18 
 75 99 -79 
 76 85 80 
 76 89 35 
 76 97 -1 
 76 98 -75 
 77 80 24 
 77 81 -33 
 77 91 -21 
 77 94 43 
 78 93 38 
 79 79 94 
 80 85 13 
 80 88 63 
 80 89 30 
 80 90 -92 
 80 95 25 
 80 99 -14 
 81 86 46 
 81 94 -84 
 82 85 29 
 82 86 79 
 82 87 23 
 82 88 74 
 84 89 36 
 85 87 -19 
 85 92 -83 
 86 87 99 
 87 88 3 
 89 91 57 
 89 92 -1 
 89 99 -70 
 90 90 96 
 90 99 94 
 92 93 37 
 93 96 90 
 98 100 -80 
 100 100 59 